Coordenadas
(setq grafo
'(
(1 416 256 2 44 45)
(2 448 240 1 3)
(3 512 272 2 4)
(4 496 304 3 5 39 43)
(5 544 320 4 6 7)
(6 608 256 5 7 8)
(7 608 320 5 6 8 37)
(8 656 288 6 7 37 36)
(9 720 272 36 10 11)

(10 752 304 9 11 12  34)
(11 768 272 9 10 13)
(12 816 320 10 13 33 14)
(13 848 288 11 12 15)
(14 848 352 12 15 31 32)
(15 880 320 13 14 31 16)
(16 944 352 15 31 17)
(17 960 384 16 30 28 18)
(18 992 400 17 28 19)
(19 1040 400 18 27 25 20)

(20 1072 368 19 24 21)
(21 1104 320 20 23 22)
(22 1168 288 21 23)
(23 1152 352 21 22 24)
(24 1120 400 20 23 25)
(25 1088 416 26 19 24)
(26 1056 464 27 25 65 64)
(27 1040 448 19 26 28)
(28 976 432 18 27 63 29 17)
(29 944 448 28 62 61 30)

(30 912 416 17 29 59 31)
(31 896 384 15 16 30 32 14)
(32 864 400 14 31 59 33)
(33 800 384 12 32 57 34)
(34 752 352 10 33 56 35)
(35 704 368 36 34)
(36 672 336 8 9 35 37)
(37 640 368 8 36 55 38 7)
(38 592 400 37 54 53 39)
(39 544 368 4 38 40)

(40 512 400 39 52 41 43)
(41 480 400 40 42 50)
(42 448 384 47 43 41)
(43 464 352 4 40 42 44)
(44 416 320 1 46 43 47)
(45 384 288 1 46)
(46 352 336 45 44)
(47 384 368 44 48 49 50 42)
(48 352 400 49 47)
(49 384 448 48 47 50 78)

(50 432 432 47 41 51 78 49)
(51 496 480 50 52 79)
(52 544 464 40 53 76 77 51)
(53 576 448 52 38 75)
(54 640 432 38 55 72)
(55 672 416 54 37 56)
(56 736 400 55 34 57)
(57 784 432 56 33 58 71)
(58 832 464 57 59 60)
(59 880 448 58 32 30)

(60 864 512 58 61 69 71)
(61 912 528 60 29 67 68)
(62 976 496 29 63 67)
(63 1008 528 62 28 64 66)
(64 1056 512 26 65 66 63)
(65 1104 496 64 26)
(66 1056 560 64 63 88)
(67 944 560 61 62 88 68)
(68 896 592 61 67 87 86 69)
(69 816 576 60 68 86 84 70)

(70 768 544 71 69 73)
(71 768 496 57 60 70 72)
(72 704 480 54 71 73 75)
(73 688 560 72 70 84 74 81)
(74 640 528 75 73 81)
(75 624 496 74 72 53)
(76 576 544 52 81 77)
(77 528 528 52 76 80)
(78 400 512 49 50 79)
(79 464 560 78 51 80)

(80 544 608 79 77 81 82)
(81 608 592 80 76 74 73 82)
(82 640 656 80 81 83)
(83 720 688 82 84 85)
(84 736 608 83 85 69 73)
(85 784 640 83 84 86)
(86 832 624 85 69 68)
(87 960 640 68 88 89)
(88 1008 608 67 66 89 87)
(89 1040 672 88 87)) )