Coordenadas
(setq grafo
'(
(1 330 130 2 89 17) 
(2 387 145 1 3 86) 
(3 420 165 2 4 86) 
(4 467 185 3 5 15 16) 
(5 500 156 4 6) 
(6 540 198 5 7 14) 
(7 578 226 6 8 12 13) 
(8 605 204 7 81) 
(9 642 253 12 81 82) 

(10 690 287 24 82) 
(11 647 303 23 24 82) 
(12 606 265 7 9 83) 
(13 555 249 7 21 84) 
(14 511 220 6 15 84) 
(15 480 238 4 14 16 19 85) 
(16 444 215 4 15 85 86) 
(17 351 185 1 88 89) 
(18 391 254 30 87 88) 
(19 461 281 15 29 85) 

(20 506 279 29 84) 
(21 567 278 13 80 83) 
(22 598 308 23 83) 
(23 626 328 11 22 27 78) 
(24 672 325 10 11 78 79) 
(25 685 377 26 37 79) 
(26 645 365 25 35 78) 
(27 600 346 23 34 76) 
(28 547 330 32 80) 
(29 500 315 19 20 32 80) 

(30 400 300 31 18) 
(31 440 335 30) 
(32 526 348 28 29 33) 
(33 544 368 32 54 55) 
(34 583 379 27 54 76) 
(35 619 392 26 36 53 76) 
(36 642 406 35 51 75) 
(37 678 406 25 50 51) 
(38 713 418 49 50) 
(39 745 452 40 48 61) 

(40 782 454 39 47 48) 
(41 839 435 46 69 73) 
(42 857 384 70 71) 
(43 915 372 71 72) 
(44 907 417 45 72) 
(45 884 440 44 69 70) 
(46 835 458 41 47 69) 
(47 806 467 40 46 65 67 68 73) 
(48 761 474 39 40 64 65) 
(49 706 448 38 50 60 61) 

(50 688 427 37 38 49 51) 
(51 664 428 36 37 50 52) 
(52 640 444 51 58 59 75) 
(53 602 415 35 75 77) 
(54 566 395 33 34 55 77) 
(55 534 410 33 54 56) 
(56 563 436 55 57 77) 
(57 594 452 56 58) 
(58 621 464 52 57 74 75) 
(59 664 461 52 60 62 74) 

(60 691 468 49 59 61 62 63) 
(61 727 464 39 49 60 64) 
(62 676 485 59 60 63 74) 
(63 703 496 60 62 64) 
(64 741 495 48 61 63) 
(65 789 496 47 48 66) 
(66 814 520 65 67) 
(67 820 494 47 66 68) 
(68 844 486 47 67) 
(69 860 446 41 45 46 70) 

(70 862 412 42 45 69 72) 
(71 887 371 42 43 72) 
(72 885 403 43 44 70 71) 
(73 810 443 41 47) 
(74 644 477 58 59 62) 
(75 627 429 36 52 53 58) 
(76 611 366 27 34 35) 
(77 577 424 53 54 56) 
(78 650 343 23 24 26) 
(79 686 354 24 25) 

(80 534 299 21 28 29) 
(81 629 225 8 9) 
(82 666 279 9 10 11) 
(83 587 297 12 21 22) 
(84 522 250 13 14 20) 
(85 446 249 15 16 19) 
(86 406 201 2 3 16) 
(87 359 238 18 88) 
(88 381 221 18 87 17) 
(89 350 157 17 1)) )
